Webots Project File version 8.3.0
perspectives: 000000ff00000000fd0000000200000001000001d2000001c0fc0200000001fb0000001400540065007800740045006400690074006f00720100000000000001c00000004600ffffff0000000300000556000000f4fc0100000001fb0000000e0043006f006e0073006f006c00650100000000000005560000004f00ffffff0000037e000001c000000001000000020000000100000008fc00000000
simulationViewPerspectives: 000000ff00000001000000020000016c0000049f0100000006010000000100
sceneTreePerspectives: 000000ff0000000100000002000000c0000000a80100000006010000000200
minimizedPerspectives: 
maximizedDockId: -1
centralWidgetVisible: 1
orthographicViewHeight: 1
textFiles: -1
renderingDevicePerspectives: 631;1;1;0.0515267;0.0528351
renderingDevicePerspectives: 1265;1;1;0.0515267;0.0528351
renderingDevicePerspectives: 948;1;1;0.0515267;0.0528351
renderingDevicePerspectives: 314;1;1;0.0515267;0.0528351
